# OMB Python MPI Latency Test
# Size (B)      Latency (us)
1                       3.41
2                       3.20
4                       3.78
8                       3.23
16                      2.97
32                      2.71
64                      2.68
128                     2.82
256                     2.39
512                     3.95
1024                    4.72
2048                    5.28
4096                   10.28
8192                   10.96
16384                  12.91
32768                  13.18
65536                  27.89
131072                 24.22
262144                 53.36
524288                 66.86
1048576               151.47
